,auto_classifier_acc,encoding_dim,neural_net_acc,dataset,dim_reduction,accuracy_reduction
0,0.9428571428571428,33,0.8571428571428571,ionosphere,0,-0.08571428571428574
1,0.9142857142857144,32,0.8571428571428571,ionosphere,1,-0.05714285714285727
2,0.8571428571428571,31,0.8571428571428571,ionosphere,2,0.0
3,0.8571428571428571,30,0.8571428571428571,ionosphere,3,0.0
4,0.9428571428571428,29,0.8571428571428571,ionosphere,4,-0.08571428571428574
5,0.9428571428571428,28,0.8571428571428571,ionosphere,5,-0.08571428571428574
6,0.9142857142857144,27,0.8571428571428571,ionosphere,6,-0.05714285714285727
7,0.8571428571428571,26,0.8571428571428571,ionosphere,7,0.0
8,0.9428571428571428,25,0.8571428571428571,ionosphere,8,-0.08571428571428574
9,0.9142857142857144,24,0.8571428571428571,ionosphere,9,-0.05714285714285727
10,0.9142857142857144,23,0.8571428571428571,ionosphere,10,-0.05714285714285727
11,0.9428571428571428,22,0.8571428571428571,ionosphere,11,-0.08571428571428574
12,0.9428571428571428,21,0.8571428571428571,ionosphere,12,-0.08571428571428574
13,0.8571428571428571,20,0.8571428571428571,ionosphere,13,0.0
14,0.9142857142857144,19,0.8571428571428571,ionosphere,14,-0.05714285714285727
15,0.9428571428571428,18,0.8571428571428571,ionosphere,15,-0.08571428571428574
16,0.8285714285714286,17,0.8571428571428571,ionosphere,16,0.02857142857142847
17,0.8857142857142857,16,0.8571428571428571,ionosphere,17,-0.02857142857142858
18,0.8857142857142857,15,0.8571428571428571,ionosphere,18,-0.02857142857142858
19,0.8857142857142857,14,0.8571428571428571,ionosphere,19,-0.02857142857142858
20,0.8857142857142857,13,0.8571428571428571,ionosphere,20,-0.02857142857142858
21,0.9142857142857144,12,0.8571428571428571,ionosphere,21,-0.05714285714285727
22,0.8857142857142857,11,0.8571428571428571,ionosphere,22,-0.02857142857142858
23,0.9428571428571428,10,0.8571428571428571,ionosphere,23,-0.08571428571428574
24,0.9428571428571428,9,0.8571428571428571,ionosphere,24,-0.08571428571428574
25,0.8857142857142857,8,0.8571428571428571,ionosphere,25,-0.02857142857142858
26,0.8285714285714286,7,0.8571428571428571,ionosphere,26,0.02857142857142847
27,0.9142857142857144,6,0.8571428571428571,ionosphere,27,-0.05714285714285727
28,0.8857142857142857,5,0.8571428571428571,ionosphere,28,-0.02857142857142858
29,0.9142857142857144,4,0.8571428571428571,ionosphere,29,-0.05714285714285727
30,0.8571428571428571,3,0.8571428571428571,ionosphere,30,0.0
31,0.8571428571428571,2,0.8571428571428571,ionosphere,31,0.0
32,0.8571428571428571,1,0.8571428571428571,ionosphere,32,0.0
33,0.9395604395604396,24,0.9450549450549449,robo,0,0.005494505494505364
34,0.9395604395604396,23,0.9450549450549449,robo,1,0.005494505494505364
35,0.935897435897436,22,0.9450549450549449,robo,2,0.009157509157508903
36,0.9597069597069596,21,0.9450549450549449,robo,3,-0.014652014652014711
37,0.9285714285714286,20,0.9450549450549449,robo,4,0.016483516483516314
38,0.9377289377289376,19,0.9450549450549449,robo,5,0.0073260073260073
39,0.9377289377289376,18,0.9450549450549449,robo,6,0.0073260073260073
40,0.8992673992673993,17,0.9450549450549449,robo,7,0.045787545787545625
41,0.9249084249084251,16,0.9450549450549449,robo,8,0.020146520146519853
42,0.9194139194139194,15,0.9450549450549449,robo,9,0.02564102564102555
43,0.9175824175824177,14,0.9450549450549449,robo,10,0.027472527472527264
44,0.9065934065934066,13,0.9450549450549449,robo,11,0.038461538461538325
45,0.9065934065934066,12,0.9450549450549449,robo,12,0.038461538461538325
46,0.8919413919413921,11,0.9450549450549449,robo,13,0.053113553113552814
47,0.9212454212454212,10,0.9450549450549449,robo,14,0.023809523809523725
48,0.9230769230769232,9,0.9450549450549449,robo,15,0.021978021978021678
49,0.9285714285714286,8,0.9450549450549449,robo,16,0.016483516483516314
50,0.912087912087912,7,0.9450549450549449,robo,17,0.03296703296703296
51,0.8827838827838828,6,0.9450549450549449,robo,18,0.06227106227106216
52,0.8278388278388278,5,0.9450549450549449,robo,19,0.11721611721611713
53,0.8498168498168498,4,0.9450549450549449,robo,20,0.09523809523809512
54,0.8296703296703297,3,0.9450549450549449,robo,21,0.1153846153846152
55,0.7747252747252747,2,0.9450549450549449,robo,22,0.17032967032967017
56,0.6318681318681318,1,0.9450549450549449,robo,23,0.3131868131868131
57,0.918238988462484,40,0.9119496802863836,semeion,0,-0.0062893081761004055
58,0.8993710699321339,39,0.9119496802863836,semeion,1,0.012578610354249675
59,0.9371069186138656,38,0.9119496802863836,semeion,2,-0.025157238327482068
60,0.9119496802863836,37,0.9119496802863836,semeion,3,0.0
61,0.9119496859094632,36,0.9119496802863836,semeion,4,-5.623079668559683e-09
62,0.9245282966385848,35,0.9119496802863836,semeion,5,-0.012578616352201255
63,0.937106912615914,34,0.9119496802863836,semeion,6,-0.025157232329530377
64,0.9308176044398134,33,0.9119496802863836,semeion,7,-0.01886792415342986
65,0.9182389880876122,32,0.9119496802863836,semeion,8,-0.006289307801228605
66,0.9119496802863836,31,0.9119496802863836,semeion,9,0.0
67,0.8993710695572619,30,0.9119496802863836,semeion,10,0.012578610729121698
68,0.9119496799115115,29,0.9119496802863836,semeion,11,3.7487202231289984e-10
69,0.930817610812637,28,0.9119496802863836,semeion,12,-0.018867930526253462
70,0.9308176044398134,27,0.9119496802863836,semeion,13,-0.01886792415342986
71,0.9245283022616644,26,0.9119496802863836,semeion,14,-0.012578621975280813
72,0.9056603721102828,25,0.9119496802863836,semeion,15,0.0062893081761007386
73,0.9245282966385848,24,0.9119496802863836,semeion,16,-0.012578616352201255
74,0.930817610437765,23,0.9119496802863836,semeion,17,-0.01886793015138144
75,0.8867924535799326,22,0.9119496802863836,semeion,18,0.02515722670645093
76,0.9119496859094632,21,0.9119496802863836,semeion,19,-5.623079668559683e-09
77,0.918238988462484,20,0.9119496802863836,semeion,20,-0.0062893081761004055
78,0.8993710699321339,19,0.9119496802863836,semeion,21,0.012578610354249675
79,0.9182389880876122,18,0.9119496802863836,semeion,22,-0.006289307801228605
80,0.8993710639341822,17,0.9119496802863836,semeion,23,0.012578616352201366
81,0.8993710699321339,16,0.9119496802863836,semeion,24,0.012578610354249675
82,0.8930817613811612,15,0.9119496802863836,semeion,25,0.018867918905222325
83,0.918238988837356,14,0.9119496802863836,semeion,26,-0.006289308550972428
84,0.9182389937106918,13,0.9119496802863836,semeion,27,-0.006289313424308274
85,0.9308176048146852,12,0.9119496802863836,semeion,28,-0.01886792452830166
86,0.8993710639341822,11,0.9119496802863836,semeion,29,0.012578616352201366
87,0.9056603721102828,10,0.9119496802863836,semeion,30,0.0062893081761007386
88,0.886792447581981,9,0.9119496802863836,semeion,31,0.02515723270440262
89,0.8930817613811612,8,0.9119496802863836,semeion,32,0.018867918905222325
90,0.8679245234285511,7,0.9119496802863836,semeion,33,0.04402515685783248
91,0.8805031397807523,6,0.9119496802863836,semeion,34,0.031446540505631226
92,0.8742138312297797,5,0.9119496802863836,semeion,35,0.037735849056603876
93,0.7987421398642678,4,0.9119496802863836,semeion,36,0.11320754042211578
94,0.761006290432792,3,0.9119496802863836,semeion,37,0.15094338985359157
95,0.6540880529385693,2,0.9119496802863836,semeion,38,0.25786162734781426
96,0.25786163447038185,1,0.9119496802863836,semeion,39,0.6540880458160017
